epoch,train_loss,train_data_loss,train_phys_loss,phys_data_ratio,grad_norm,val_rel_l2,val_mse
0,0.906003825366497,0.906003825366497,0.0,0.0,0.9128229058003489,0.3394891619682312,0.4861477017402649
1,0.7917499914765358,0.7917499914765358,0.0,0.0,0.8985454536553766,0.31447434425354004,0.4211074411869049
2,0.6840924844145775,0.6840924844145775,0.0,0.0,0.9113971143791058,0.2888199985027313,0.3559178113937378
3,0.5813429430127144,0.5813429430127144,0.0,0.0,0.9353715709163484,0.26167526841163635,0.2902136445045471
4,0.4711610972881317,0.4711610972881317,0.0,0.0,0.939106473393666,0.2317602038383484,0.22588253021240234
5,0.3638390079140663,0.3638390079140663,0.0,0.0,0.9075122335586029,0.19769299030303955,0.1625383496284485
6,0.26556525751948357,0.26556525751948357,0.0,0.0,0.8372874783965613,0.15926975011825562,0.10916605591773987
7,0.182104654610157,0.182104654610157,0.0,0.0,0.7331895643145635,0.12376756221055984,0.07139686495065689
8,0.12123193591833115,0.12123193591833115,0.0,0.0,0.5934272607409744,0.09905148297548294,0.048064325004816055
9,0.08061595354229212,0.08061595354229212,0.0,0.0,0.40346760129312076,0.08552855253219604,0.03696044906973839
10,0.058044688776135445,0.058044688776135445,0.0,0.0,0.26641080574718495,0.07939308881759644,0.03195953369140625
11,0.04492281191051006,0.04492281191051006,0.0,0.0,0.19691277972784765,0.07468495517969131,0.027889462187886238
12,0.036405108170583844,0.036405108170583844,0.0,0.0,0.15687318484564539,0.06956306844949722,0.02413187548518181
13,0.030321898870170116,0.030321898870170116,0.0,0.0,0.13442689115496698,0.06418636441230774,0.020806657150387764
14,0.025472849374637008,0.025472849374637008,0.0,0.0,0.11711476005218834,0.059118133038282394,0.01798386313021183
15,0.021769999992102385,0.021769999992102385,0.0,0.0,0.10379177548844018,0.054424434900283813,0.015563945285975933
16,0.01877010427415371,0.01877010427415371,0.0,0.0,0.09908992289004122,0.050166673958301544,0.013419676572084427
17,0.016288842423819005,0.016288842423819005,0.0,0.0,0.0829621349151745,0.04590199142694473,0.011451748199760914
18,0.014033469604328275,0.014033469604328275,0.0,0.0,0.08091481103121517,0.04183600842952728,0.009704300202429295
19,0.01214520214125514,0.01214520214125514,0.0,0.0,0.07686904199564848,0.0380152203142643,0.008179807104170322
20,0.010604863869957626,0.010604863869957626,0.0,0.0,0.07900763486574114,0.03480693697929382,0.006925125606358051
21,0.009303019382059574,0.009303019382059574,0.0,0.0,0.06621855848309531,0.03218921273946762,0.0060060699470341206
22,0.008328887342941016,0.008328887342941016,0.0,0.0,0.07091263429624818,0.029825706034898758,0.005216942168772221
23,0.007584759790915996,0.007584759790915996,0.0,0.0,0.07295264609681242,0.027827966958284378,0.0046241916716098785
24,0.006908201088663191,0.006908201088663191,0.0,0.0,0.05221892289674158,0.02615015208721161,0.0041586109437048435
25,0.006393730873242021,0.006393730873242021,0.0,0.0,0.05070003722275583,0.024843640625476837,0.0038258014246821404
26,0.006008531840052456,0.006008531840052456,0.0,0.0,0.061755307506199335,0.02368074283003807,0.0035519814118742943
27,0.005669162550475448,0.005669162550475448,0.0,0.0,0.057007531227050885,0.022809278219938278,0.0033373022451996803
28,0.005403962102718651,0.005403962102718651,0.0,0.0,0.060481228921385174,0.022136416286230087,0.003174460493028164
29,0.005130696925334632,0.005130696925334632,0.0,0.0,0.05209782759962713,0.021370211616158485,0.003014048794284463
30,0.004917179816402495,0.004917179816402495,0.0,0.0,0.04129724558878975,0.020834771916270256,0.002887494396418333
31,0.004719525604741648,0.004719525604741648,0.0,0.0,0.037688297674500534,0.020549610257148743,0.002797584980726242
32,0.004537559289019555,0.004537559289019555,0.0,0.0,0.04559882536631474,0.019997892901301384,0.0026848067063838243
33,0.004371467686723918,0.004371467686723918,0.0,0.0,0.0346348599668993,0.019623814150691032,0.0025955368764698505
34,0.004217156791128218,0.004217156791128218,0.0,0.0,0.040136405950797094,0.019271519035100937,0.002501987386494875
35,0.004084641259396449,0.004084641259396449,0.0,0.0,0.039130932318438914,0.018956240266561508,0.0024300054647028446
36,0.003937846282497048,0.003937846282497048,0.0,0.0,0.047477149688829795,0.018651224672794342,0.0023520784452557564
37,0.0038050088041927665,0.0038050088041927665,0.0,0.0,0.039512228699112764,0.018306367099285126,0.002275824313983321
38,0.003699454857269302,0.003699454857269302,0.0,0.0,0.05350722666602423,0.018010564148426056,0.0022110382560640574
39,0.0035976892395410687,0.0035976892395410687,0.0,0.0,0.04190170560467911,0.017727358266711235,0.002137651201337576
40,0.0034705548314377666,0.0034705548314377666,0.0,0.0,0.047567734865310594,0.017403041943907738,0.0020770197734236717
41,0.003342097013955936,0.003342097013955936,0.0,0.0,0.032752370068459075,0.01722639799118042,0.0020178239792585373
42,0.003254383656894788,0.003254383656894788,0.0,0.0,0.03953842928052266,0.016851576045155525,0.001954281935468316
43,0.0031531486310996115,0.0031531486310996115,0.0,0.0,0.03623830123634413,0.016515269875526428,0.0018860162235796452
44,0.003046526457183063,0.003046526457183063,0.0,0.0,0.039169475176386435,0.01623779535293579,0.001833191723562777
45,0.002977408323204145,0.002977408323204145,0.0,0.0,0.03810915577876804,0.015958288684487343,0.001781310304068029
46,0.002882173896068707,0.002882173896068707,0.0,0.0,0.03650151988231557,0.015691228210926056,0.0017316769808530807
47,0.002800894988467917,0.002800894988467917,0.0,0.0,0.03709364167015668,0.015390339307487011,0.0016748188063502312
48,0.002719497395446524,0.002719497395446524,0.0,0.0,0.03751364385509786,0.01515926606953144,0.0016321002040058374
49,0.002640664068167098,0.002640664068167098,0.0,0.0,0.03488290355368688,0.014864807017147541,0.0015870437491685152
50,0.0025899577303789556,0.0025899577303789556,0.0,0.0,0.045082713076670416,0.014572280459105968,0.0015343461418524384
51,0.0024947977799456567,0.0024947977799456567,0.0,0.0,0.036048959682308576,0.014363718219101429,0.001486279652453959
52,0.002409662149148062,0.002409662149148062,0.0,0.0,0.03919411738490272,0.014045421034097672,0.0014410195872187614
53,0.0023624944733455777,0.0023624944733455777,0.0,0.0,0.04216563195472252,0.01385932695120573,0.00140323955565691
54,0.00229013706848491,0.00229013706848491,0.0,0.0,0.03745330962426073,0.013577534817159176,0.0013637910597026348
55,0.002207224606536329,0.002207224606536329,0.0,0.0,0.030650903565242797,0.013225032947957516,0.0013183833798393607
56,0.0021492135419975966,0.0021492135419975966,0.0,0.0,0.028174093927902922,0.013029837049543858,0.0012814294314011931
57,0.0020928365702275187,0.0020928365702275187,0.0,0.0,0.037276239913115954,0.012800178490579128,0.0012478765565901995
58,0.0020324355427874252,0.0020324355427874252,0.0,0.0,0.03498664133806124,0.012532181106507778,0.0012127336813136935
59,0.0019777050183620304,0.0019777050183620304,0.0,0.0,0.02718640363572301,0.012292602099478245,0.00118126324377954
60,0.0019319238053867593,0.0019319238053867593,0.0,0.0,0.03223407387971879,0.012127296067774296,0.0011493220226839185
61,0.001881373580545187,0.001881373580545187,0.0,0.0,0.0310945963872969,0.011878391727805138,0.001115939929150045
62,0.00184400835132692,0.00184400835132692,0.0,0.0,0.048187081654659125,0.011742077767848969,0.00108565972186625
63,0.001775479773641564,0.001775479773641564,0.0,0.0,0.03136704597557052,0.011521218344569206,0.0010563877876847982
64,0.0017256002902286127,0.0017256002902286127,0.0,0.0,0.02509149473804352,0.01134062372148037,0.0010289163328707218
65,0.001696080551482737,0.001696080551482737,0.0,0.0,0.030423497079838036,0.01114832516759634,0.0010030491976067424
66,0.0016423464549006894,0.0016423464549006894,0.0,0.0,0.030498791990235124,0.01105385273694992,0.0009846484754234552
67,0.0016043066716520116,0.0016043066716520116,0.0,0.0,0.02762109403693517,0.010858457535505295,0.0009544304339215159
68,0.0015679629723308608,0.0015679629723308608,0.0,0.0,0.030512020010237888,0.01069667562842369,0.0009328419691883028
69,0.0015240996435750276,0.0015240996435750276,0.0,0.0,0.024409228853961625,0.010615802370011806,0.0009145702933892608
70,0.0014981117565184832,0.0014981117565184832,0.0,0.0,0.027246273959253893,0.01047852449119091,0.0008916041115298867
71,0.0014717621234012768,0.0014717621234012768,0.0,0.0,0.028947644918122805,0.010311395861208439,0.0008738581091165543
72,0.0014430253067985177,0.0014430253067985177,0.0,0.0,0.03496091119036686,0.01030153688043356,0.0008607927011325955
73,0.0014169507776387036,0.0014169507776387036,0.0,0.0,0.03433145141413323,0.010167386382818222,0.0008472398621961474
74,0.00138029147638008,0.00138029147638008,0.0,0.0,0.03233615301530216,0.010062547400593758,0.000824550399556756
75,0.001361109760182444,0.001361109760182444,0.0,0.0,0.0336979443778895,0.009918048046529293,0.0008089418988674879
76,0.0013128216669429094,0.0013128216669429094,0.0,0.0,0.02371713804175828,0.009905478917062283,0.0007959012291394174
77,0.0012912262682220899,0.0012912262682220899,0.0,0.0,0.0252153674368613,0.009845037944614887,0.00077678362140432
78,0.0012592905477504246,0.0012592905477504246,0.0,0.0,0.022283383167394564,0.009682328440248966,0.000762559415306896
79,0.0012345650902716443,0.0012345650902716443,0.0,0.0,0.02805544734106061,0.009659675881266594,0.0007506800466217101
80,0.0012112036420148797,0.0012112036420148797,0.0,0.0,0.029141844327692228,0.009574264287948608,0.0007350907544605434
81,0.0011904271668754518,0.0011904271668754518,0.0,0.0,0.027784555366818536,0.00948389433324337,0.0007206928567029536
82,0.001163056651421357,0.001163056651421357,0.0,0.0,0.024248952943485568,0.00931305717676878,0.0006968709640204906
83,0.0011398756760172546,0.0011398756760172546,0.0,0.0,0.027409364162304092,0.009258835576474667,0.0006836456595920026
84,0.001102689369872678,0.001102689369872678,0.0,0.0,0.0239664340778642,0.009093648754060268,0.0006632321164943278
85,0.0010728340566856787,0.0010728340566856787,0.0,0.0,0.021638709679275416,0.008981160819530487,0.0006456952542066574
86,0.0010443634382681921,0.0010443634382681921,0.0,0.0,0.023374403129800533,0.008834624662995338,0.0006240112707018852
87,0.0010221991469734348,0.0010221991469734348,0.0,0.0,0.030994090731140147,0.008845183067023754,0.0006113621057011187
88,0.0010056309183710255,0.0010056309183710255,0.0,0.0,0.026965771704146876,0.008574265986680984,0.0006034797406755388
89,0.0009813123033381999,0.0009813123033381999,0.0,0.0,0.029373490675955585,0.00864423532038927,0.0005788117414340377
90,0.000932994473259896,0.000932994473259896,0.0,0.0,0.023804782658999653,0.00827948097139597,0.0005644437624141574
91,0.0009113333580899052,0.0009113333580899052,0.0,0.0,0.019886930110857272,0.008302288129925728,0.0005491697229444981
92,0.0008851103120832704,0.0008851103120832704,0.0,0.0,0.023551952664720373,0.008071892894804478,0.000533407786861062
93,0.0008499845062033273,0.0008499845062033273,0.0,0.0,0.017703350948016578,0.008128421381115913,0.0005219313898123801
94,0.000831790006486699,0.000831790006486699,0.0,0.0,0.016911215349761314,0.00785570964217186,0.0005083640571683645
95,0.0008170606379280798,0.0008170606379280798,0.0,0.0,0.022623771408719576,0.00783730298280716,0.0004980246885679662
96,0.0007948625716380775,0.0007948625716380775,0.0,0.0,0.02258974496926712,0.007768669165670872,0.0004905285313725471
97,0.0007812695475877263,0.0007812695475877263,0.0,0.0,0.023189955428675725,0.007619649637490511,0.00047835533041507006
98,0.0007633470158907585,0.0007633470158907585,0.0,0.0,0.022163310968173706,0.007571564055979252,0.0004681636637542397
99,0.00074681452679215,0.00074681452679215,0.0,0.0,0.02282803864178028,0.007454419042915106,0.00045768992276862264
100,0.0007296274998225272,0.0007296274998225272,0.0,0.0,0.023144706862903364,0.007385499309748411,0.00045227634836919606
101,0.0007187693990999833,0.0007187693990999833,0.0,0.0,0.022356927260696706,0.007408910430967808,0.0004441712226253003
102,0.0006974475472816266,0.0006974475472816266,0.0,0.0,0.016611914774755744,0.007218056358397007,0.00043746191659010947
103,0.000693271984346211,0.000693271984346211,0.0,0.0,0.02488304610688292,0.007308513857424259,0.00043557683238759637
104,0.000684448801621329,0.000684448801621329,0.0,0.0,0.024735072790969797,0.007140676490962505,0.00042376239434815943
105,0.0006674773758277297,0.0006674773758277297,0.0,0.0,0.019548762128621746,0.007113816682249308,0.00041576073272153735
106,0.0006485256926680449,0.0006485256926680449,0.0,0.0,0.015185512336818526,0.007037732750177383,0.0004082384693901986
107,0.000640826161543373,0.000640826161543373,0.0,0.0,0.02279764984883662,0.007018589414656162,0.00040450392407365143
108,0.0006393889270839281,0.0006393889270839281,0.0,0.0,0.024645629225153055,0.006852775812149048,0.00039935921085998416
109,0.0006319111926131882,0.0006319111926131882,0.0,0.0,0.021750794998417408,0.007118888199329376,0.0003923692274838686
110,0.0006180881027830765,0.0006180881027830765,0.0,0.0,0.019819474521079777,0.006790303625166416,0.00038691030931659043
111,0.0006095003409427591,0.0006095003409427591,0.0,0.0,0.0202003495505909,0.006958216428756714,0.00038645684253424406
112,0.0006004920614941511,0.0006004920614941511,0.0,0.0,0.017206822974975878,0.006751209031790495,0.0003782319836318493
113,0.0005829751935380045,0.0005829751935380045,0.0,0.0,0.018476651764949316,0.006762176286429167,0.0003724014386534691
114,0.000584573921514675,0.000584573921514675,0.0,0.0,0.024073004957659627,0.006700034253299236,0.00036612519761547446
115,0.0005719067994505167,0.0005719067994505167,0.0,0.0,0.018801701570644615,0.006602732464671135,0.0003634535241872072
116,0.0005643409604090266,0.0005643409604090266,0.0,0.0,0.020351129382544353,0.006819331087172031,0.0003581204218789935
117,0.00055547741430928,0.00055547741430928,0.0,0.0,0.017984859089083472,0.006507884245365858,0.00035002117510885
118,0.0005435117855085991,0.0005435117855085991,0.0,0.0,0.017029399870164493,0.006570737808942795,0.00034832526580430567
119,0.0005366995283111464,0.0005366995283111464,0.0,0.0,0.01651183850979742,0.006475827656686306,0.0003444442118052393
120,0.0005291830602800474,0.0005291830602800474,0.0,0.0,0.016992604856085346,0.0064421179704368114,0.0003394550003577024
121,0.0005232071962382179,0.0005232071962382179,0.0,0.0,0.013859275995629791,0.006468269042670727,0.00033796089701354504
122,0.0005210731542319991,0.0005210731542319991,0.0,0.0,0.018565429235185203,0.006370579823851585,0.0003322769480291754
123,0.000509870624227915,0.000509870624227915,0.0,0.0,0.017146256356885454,0.0063166311010718346,0.0003311457112431526
124,0.000503902952914359,0.000503902952914359,0.0,0.0,0.013225273284117774,0.006429219618439674,0.0003254238690715283
125,0.000499412290082546,0.000499412290082546,0.0,0.0,0.018771585826131774,0.006250035483390093,0.0003205243847332895
126,0.000493396059027873,0.000493396059027873,0.0,0.0,0.01889871106146445,0.0063462033867836,0.00031800035503692925
127,0.000492084123834502,0.000492084123834502,0.0,0.0,0.018857825290665563,0.006227625068277121,0.0003132486017420888
128,0.00048221266479231417,0.00048221266479231417,0.0,0.0,0.015421736080075327,0.006255649961531162,0.0003131531993858516
129,0.0004776492714881897,0.0004776492714881897,0.0,0.0,0.015922758495162878,0.006208227016031742,0.00030822056578472257
130,0.00047317289863713086,0.00047317289863713086,0.0,0.0,0.015884348549602585,0.006262281909584999,0.000304083718219772
131,0.00046645232214359567,0.00046645232214359567,0.0,0.0,0.013785988569194144,0.006094564683735371,0.0003017732233274728
132,0.00046253167602117173,0.00046253167602117173,0.0,0.0,0.017285169197891064,0.006252349354326725,0.00030188009259290993
133,0.0004566798852465581,0.0004566798852465581,0.0,0.0,0.013167965830009443,0.0060718064196407795,0.0002935001393780112
134,0.0004529005163931288,0.0004529005163931288,0.0,0.0,0.015372084246839555,0.0061288028955459595,0.0002921378763858229
135,0.00044806586811318994,0.00044806586811318994,0.0,0.0,0.015100345098904172,0.0060582333244383335,0.00028887385269626975
136,0.0004514289175858721,0.0004514289175858721,0.0,0.0,0.021808423197076907,0.006020430009812117,0.0002872038458008319
137,0.0004381534527055919,0.0004381534527055919,0.0,0.0,0.015345125684701465,0.006063537672162056,0.00028128636768087745
138,0.00043275312418700196,0.00043275312418700196,0.0,0.0,0.013538757378702285,0.0059330640360713005,0.00027941184816882014
139,0.00043175915561732836,0.00043175915561732836,0.0,0.0,0.016797372491538464,0.006181395146995783,0.00028251702315174043
140,0.0004280463472241536,0.0004280463472241536,0.0,0.0,0.01515281559259728,0.005916455760598183,0.0002738377370405942
141,0.00042192440741928294,0.00042192440741928294,0.0,0.0,0.01295112190312231,0.0059570507146418095,0.00027325155679136515
142,0.00042009113167296164,0.00042009113167296164,0.0,0.0,0.01762733828537799,0.005910518579185009,0.00027083675377070904
143,0.0004118320866837166,0.0004118320866837166,0.0,0.0,0.013847074476445046,0.005981463007628918,0.00027179435710422695
144,0.00041771993346628733,0.00041771993346628733,0.0,0.0,0.021593520841651496,0.005940317641943693,0.0002659787714947015
145,0.00040451320819556713,0.00040451320819556713,0.0,0.0,0.01287834749177186,0.0058320676907896996,0.00026173493824899197
146,0.0004027231043437496,0.0004027231043437496,0.0,0.0,0.01454476396724868,0.005914982408285141,0.00026162073481827974
147,0.00039830824243836105,0.00039830824243836105,0.0,0.0,0.0139244967512047,0.005819993559271097,0.00025568174896761775
148,0.00039450827534892596,0.00039450827534892596,0.0,0.0,0.015069093597255678,0.005799192003905773,0.0002544765593484044
149,0.0003926002682419494,0.0003926002682419494,0.0,0.0,0.01522102011959744,0.005819966085255146,0.00025266007287427783
150,0.0003878823590639513,0.0003878823590639513,0.0,0.0,0.01434101105178847,0.0057314299046993256,0.00024921551812440157
151,0.0003859905627905391,0.0003859905627905391,0.0,0.0,0.014765545544510584,0.0058783069252967834,0.0002501478011254221
152,0.00037997362232999876,0.00037997362232999876,0.0,0.0,0.013466042187709687,0.005710989702492952,0.0002449036983307451
153,0.0003824534906016197,0.0003824534906016197,0.0,0.0,0.020007523470535145,0.005741646513342857,0.0002451071632094681
154,0.0003806284839811269,0.0003806284839811269,0.0,0.0,0.014862549946008514,0.005665583536028862,0.00023947920999489725
155,0.00037799891651957296,0.00037799891651957296,0.0,0.0,0.01601946934669593,0.005789813585579395,0.0002402001991868019
156,0.000368961689673597,0.000368961689673597,0.0,0.0,0.01410511518897935,0.0056199971586465836,0.0002371390291955322
157,0.0003650731196103152,0.0003650731196103152,0.0,0.0,0.012177298508601529,0.005766899790614843,0.0002360556391067803
158,0.000361584472557297,0.000361584472557297,0.0,0.0,0.011768523436481033,0.00564957270398736,0.0002317859180038795
159,0.00036506048127193935,0.00036506048127193935,0.0,0.0,0.01775720024955388,0.005582126323133707,0.00023174265515990555
160,0.0003595437592593953,0.0003595437592593953,0.0,0.0,0.014812440263361456,0.00577422184869647,0.00023378254263661802
161,0.0003552046182448976,0.0003552046182448976,0.0,0.0,0.013484922619407086,0.005598762072622776,0.00022954029554966837
162,0.00035392550853430294,0.00035392550853430294,0.0,0.0,0.014393416328024577,0.00583829078823328,0.00023082603001967072
163,0.0003492616306175478,0.0003492616306175478,0.0,0.0,0.012168978840795083,0.005510921590030193,0.00022134398750495166
164,0.0003484894441498909,0.0003484894441498909,0.0,0.0,0.01706856404356972,0.005513369105756283,0.00022091749997343868
165,0.0003472021780908108,0.0003472021780908108,0.0,0.0,0.015168689179753586,0.0057061342522501945,0.00022721340064890683
166,0.0003512202965794131,0.0003512202965794131,0.0,0.0,0.02007950436574173,0.005496145226061344,0.00021622239728458226
167,0.00034952380519825965,0.00034952380519825965,0.0,0.0,0.01991197444568798,0.005483011715114117,0.00021903455490246415
168,0.0003425455615797546,0.0003425455615797546,0.0,0.0,0.0163607802810147,0.005559269804507494,0.00021368297166191041
169,0.0003349346552568022,0.0003349346552568022,0.0,0.0,0.012591621498103205,0.005497821606695652,0.00021152108092792332
170,0.00033425138099119067,0.00033425138099119067,0.0,0.0,0.014986521685542565,0.005539048928767443,0.00021395461226347834
171,0.0003295345595688559,0.0003295345595688559,0.0,0.0,0.01320290025571728,0.005430819932371378,0.0002083600702462718
172,0.00032849362833076157,0.00032849362833076157,0.0,0.0,0.013925876391557245,0.00550513481721282,0.0002070493355859071
173,0.00032833208388183266,0.00032833208388183266,0.0,0.0,0.016870284267811866,0.005399725865572691,0.00020827092521358281
174,0.00032492751415702514,0.00032492751415702514,0.0,0.0,0.01564008965221651,0.0054412405006587505,0.00020474748453125358
175,0.00032225366521743126,0.00032225366521743126,0.0,0.0,0.015689256534681343,0.005457496270537376,0.00020504520216491073
176,0.0003193040465703234,0.0003193040465703234,0.0,0.0,0.012489103047728926,0.005417307838797569,0.0002021803957177326
177,0.00032062158970802557,0.00032062158970802557,0.0,0.0,0.017776884909017833,0.005357408430427313,0.00020180003775749356
178,0.0003175396050210111,0.0003175396050210111,0.0,0.0,0.016467930776287106,0.005461967084556818,0.00019993881869595498
179,0.00031125695022637956,0.00031125695022637956,0.0,0.0,0.013496060023028278,0.005428474396467209,0.00019880718900822103
180,0.00030990907180239446,0.00030990907180239446,0.0,0.0,0.014052285358974738,0.005338127259165049,0.00019552945741452277
181,0.0003074192281928845,0.0003074192281928845,0.0,0.0,0.014819376837275825,0.005384246818721294,0.00019573293684516102
182,0.0003103023482253775,0.0003103023482253775,0.0,0.0,0.014747346123583496,0.005433840677142143,0.00020179776765871793
183,0.0003166562564729247,0.0003166562564729247,0.0,0.0,0.020011622683504274,0.005316731985658407,0.00019365630578249693
184,0.0003086952565354295,0.0003086952565354295,0.0,0.0,0.01644450131534001,0.005492662079632282,0.00019498277106322348
185,0.00030917708863853477,0.00030917708863853477,0.0,0.0,0.019917346213003687,0.005241521168500185,0.0001885321835288778
186,0.00029800230913679115,0.00029800230913679115,0.0,0.0,0.01278731352023487,0.005262001417577267,0.00018838461255654693
187,0.00030064313614275306,0.00030064313614275306,0.0,0.0,0.016909713590278097,0.005278219468891621,0.0001876425521913916
188,0.0003056515342905186,0.0003056515342905186,0.0,0.0,0.02019146157322795,0.00526780728250742,0.0001882762007880956
189,0.0002983192462124862,0.0002983192462124862,0.0,0.0,0.016508209238115988,0.005425272509455681,0.00019256642553955317
190,0.000299151950457599,0.000299151950457599,0.0,0.0,0.019025535673313027,0.00522569939494133,0.00018294290930498391
191,0.000292124088446144,0.000292124088446144,0.0,0.0,0.015634710352849062,0.005167530383914709,0.00018143256602343172
192,0.0002873868597816909,0.0002873868597816909,0.0,0.0,0.016550136296664065,0.005283604841679335,0.00018174710567109287
193,0.00028163182651042007,0.00028163182651042007,0.0,0.0,0.009389272553001007,0.005132341757416725,0.00017771593411453068
194,0.0002800353231577901,0.0002800353231577901,0.0,0.0,0.011693717442480923,0.005294898524880409,0.00018031701620202512
195,0.0002781736602628371,0.0002781736602628371,0.0,0.0,0.010628606801700717,0.005134960170835257,0.0001765964989317581
196,0.00027882438007509336,0.00027882438007509336,0.0,0.0,0.012601914610891954,0.005244162864983082,0.00017953837232198566
197,0.00027891717218153644,0.00027891717218153644,0.0,0.0,0.015692146499949055,0.005241481587290764,0.0001821738260332495
198,0.0002809147244988708,0.0002809147244988708,0.0,0.0,0.01850794407168357,0.005217505618929863,0.00017498453962616622
199,0.00027381665677239653,0.00027381665677239653,0.0,0.0,0.012745474383858245,0.005073921754956245,0.00017160404240712523
200,0.0002691720183065627,0.0002691720183065627,0.0,0.0,0.013386406460741313,0.005157955456525087,0.00017151885549537838
201,0.00027076972037320957,0.00027076972037320957,0.0,0.0,0.01679921751895582,0.005125444382429123,0.00017185998149216175
202,0.00026701083697844297,0.00026701083697844297,0.0,0.0,0.012050687403045084,0.005114493425935507,0.00016818282892927527
203,0.0002645538461365504,0.0002645538461365504,0.0,0.0,0.01245234431116685,0.005018972791731358,0.00016686003073118627
204,0.00026374344088253565,0.00026374344088253565,0.0,0.0,0.013352290654387547,0.005045232363045216,0.00016639109526295215
205,0.00026460961817065254,0.00026460961817065254,0.0,0.0,0.014572333599706954,0.005170418880879879,0.00016886930097825825
206,0.0002597931852506008,0.0002597931852506008,0.0,0.0,0.011270525773296076,0.005006132181733847,0.00016536515613552183
207,0.00025762485711311456,0.00025762485711311456,0.0,0.0,0.009822378428053329,0.005098417401313782,0.0001648551842663437
208,0.00025613359321141616,0.00025613359321141616,0.0,0.0,0.01023667126781454,0.005012353882193565,0.00016276014503091574
209,0.0002551883681007894,0.0002551883681007894,0.0,0.0,0.013038709205522369,0.00495664868503809,0.00016093939484562725
210,0.00025960770290112123,0.00025960770290112123,0.0,0.0,0.0151284208055079,0.00517738051712513,0.00016409503587055951
211,0.00025440660465392284,0.00025440660465392284,0.0,0.0,0.0145791017485268,0.004929898772388697,0.00015972803521435708
212,0.0002504634285287466,0.0002504634285287466,0.0,0.0,0.009462897514668034,0.005076345056295395,0.0001606656878720969
213,0.00024766509886831045,0.00024766509886831045,0.0,0.0,0.009747971787953376,0.004977897275239229,0.00015697696653660387
214,0.0002445967256790027,0.0002445967256790027,0.0,0.0,0.01009066273678957,0.005148531403392553,0.0001617639500182122
215,0.00024535623379051685,0.00024535623379051685,0.0,0.0,0.011631821063751343,0.004974935203790665,0.00016212956688832492
216,0.0002460423438606085,0.0002460423438606085,0.0,0.0,0.013007702193454223,0.005185672547668219,0.0001640426053199917
217,0.0002483934731571935,0.0002483934731571935,0.0,0.0,0.016052503374970124,0.005020597018301487,0.00015624662046320736
218,0.00024594057140348013,0.00024594057140348013,0.0,0.0,0.014861263295790076,0.004887179471552372,0.0001545292470837012
219,0.0002458607377775479,0.0002458607377775479,0.0,0.0,0.01869275063924217,0.0049722627736628056,0.00015568248636554927
220,0.00024901201504690107,0.00024901201504690107,0.0,0.0,0.019141854692089177,0.005081565119326115,0.000156800466356799
221,0.0002367165761825163,0.0002367165761825163,0.0,0.0,0.010057843799122735,0.004946587607264519,0.00015230650024022907
222,0.0002363319854339352,0.0002363319854339352,0.0,0.0,0.012188653614098531,0.004925226327031851,0.00015172679559327662
223,0.00023408838569594081,0.00023408838569594081,0.0,0.0,0.010455771680805482,0.004963213112205267,0.0001510332222096622
224,0.00023907492686703335,0.00023907492686703335,0.0,0.0,0.016084594693257893,0.004907445982098579,0.0001498654019087553
225,0.00024092432249744888,0.00024092432249744888,0.0,0.0,0.01879101925026986,0.004868012852966785,0.00014884467236697674
226,0.00024293120986840222,0.00024293120986840222,0.0,0.0,0.018560793726256228,0.004981701727956533,0.00015246238035615534
227,0.0002318842161912471,0.0002318842161912471,0.0,0.0,0.01287016129523979,0.004852226469665766,0.0001474235614296049
228,0.00023537712331744842,0.00023537712331744842,0.0,0.0,0.016467076538512808,0.004886223468929529,0.00014692035620100796
229,0.00022970126519794576,0.00022970126519794576,0.0,0.0,0.015354047547163383,0.0049431659281253815,0.00015010256902314723
230,0.00023100933503883425,0.00023100933503883425,0.0,0.0,0.014883247765123583,0.005056660622358322,0.00015121817705221474
231,0.00022997309133643284,0.00022997309133643284,0.0,0.0,0.015680572902606018,0.004850558005273342,0.000144940844620578
232,0.00022781335610488895,0.00022781335610488895,0.0,0.0,0.014150120721627212,0.004847884643822908,0.0001482370716985315
233,0.00023107524430088233,0.00023107524430088233,0.0,0.0,0.018407587132990854,0.0048889284953475,0.00014604060561396182
234,0.0002326005978829926,0.0002326005978829926,0.0,0.0,0.019271839623254423,0.005049780011177063,0.00016091550060082227
235,0.00023577738102176227,0.00023577738102176227,0.0,0.0,0.021750392952853016,0.005091584287583828,0.00015106833598110825
236,0.00022590325170313008,0.00022590325170313008,0.0,0.0,0.01408096141898842,0.004776802379637957,0.0001414657454006374
237,0.0002268425942020258,0.0002268425942020258,0.0,0.0,0.018303087850816295,0.004797286354005337,0.0001412913843523711
238,0.0002227996210422134,0.0002227996210422134,0.0,0.0,0.01472885957974474,0.00491417245939374,0.00014230448869057
239,0.0002185453886340838,0.0002185453886340838,0.0,0.0,0.013937023456662605,0.004749102983623743,0.00013779521395917982
240,0.000215881429539877,0.000215881429539877,0.0,0.0,0.01311198053765641,0.004748189821839333,0.00014223920879885554
241,0.00021622865097015165,0.00021622865097015165,0.0,0.0,0.015281704052144096,0.004784080199897289,0.0001380533358315006
242,0.0002117396597896004,0.0002117396597896004,0.0,0.0,0.010220559089717494,0.004892453551292419,0.00014091917546465993
243,0.00021241386275505647,0.00021241386275505647,0.0,0.0,0.013383532600579964,0.004902276210486889,0.00014304506476037204
244,0.00021571710385615006,0.00021571710385615006,0.0,0.0,0.01565440168077949,0.004760549403727055,0.0001365506905131042
245,0.00021414146613096818,0.00021414146613096818,0.0,0.0,0.015008021226521973,0.004775897599756718,0.00013869731628801674
246,0.00021050464783911593,0.00021050464783911593,0.0,0.0,0.013270364352709955,0.004707627929747105,0.00013953786401543766
247,0.00021206253950367682,0.00021206253950367682,0.0,0.0,0.01489801007458728,0.004721334204077721,0.00013547943672165275
248,0.00021007543000450823,0.00021007543000450823,0.0,0.0,0.012682609729704863,0.004813090432435274,0.00013800864689983428
249,0.0002104763188981451,0.0002104763188981451,0.0,0.0,0.01413665802000814,0.004680112935602665,0.00013304108870215714
250,0.00020765873523487244,0.00020765873523487244,0.0,0.0,0.013679486163430897,0.004670664668083191,0.00013333710376173258
251,0.0002048923615802778,0.0002048923615802778,0.0,0.0,0.013587004750609148,0.004843902308493853,0.00013978900096844882
252,0.00020172437143628486,0.00020172437143628486,0.0,0.0,0.01130191624714459,0.004763031378388405,0.0001335377455689013
253,0.00020404186943778768,0.00020404186943778768,0.0,0.0,0.013466963061677018,0.0046259514056146145,0.00013191599282436073
254,0.00020223801766405813,0.00020223801766405813,0.0,0.0,0.010845471900775712,0.00476763304322958,0.0001368310913676396
255,0.00020099582070542965,0.00020099582070542965,0.0,0.0,0.011340439750174664,0.004724298603832722,0.00013377894356381148
256,0.00020088443852728233,0.00020088443852728233,0.0,0.0,0.014702934812802703,0.0046678632497787476,0.00013068507541902363
257,0.00019744392920983955,0.00019744392920983955,0.0,0.0,0.010915029435641904,0.004620333202183247,0.00013010849943384528
258,0.00020152855722699314,0.00020152855722699314,0.0,0.0,0.013697039942769863,0.004994101356714964,0.0001399577595293522
259,0.00019882936976500787,0.00019882936976500787,0.0,0.0,0.011558454120122364,0.004616750869899988,0.00012855813838541508
260,0.00020007578132208437,0.00020007578132208437,0.0,0.0,0.0161441836575204,0.004597443155944347,0.00012635666644200683
261,0.00020481786305026617,0.00020481786305026617,0.0,0.0,0.016135093262089662,0.0048287371173501015,0.00013865844812244177
262,0.00020108522039663512,0.00020108522039663512,0.0,0.0,0.015098978372401173,0.004667797591537237,0.000131924549350515
263,0.00019416140094108414,0.00019416140094108414,0.0,0.0,0.009956471285236445,0.004953569732606411,0.0001367545482935384
264,0.00019469855214993004,0.00019469855214993004,0.0,0.0,0.010267994365906521,0.004578848369419575,0.00012671962031163275
265,0.0001910573755594669,0.0001910573755594669,0.0,0.0,0.009059585112480334,0.004593264311552048,0.0001251435314770788
266,0.00019217293629480992,0.00019217293629480992,0.0,0.0,0.01208471828352118,0.00465279771015048,0.00013137012138031423
267,0.00019152279128320515,0.00019152279128320515,0.0,0.0,0.013186381453925498,0.004560239613056183,0.00012593911378644407
268,0.00019378871911612805,0.00019378871911612805,0.0,0.0,0.015068444242744911,0.004610361065715551,0.00013046157255303115
269,0.00019002733642992098,0.00019002733642992098,0.0,0.0,0.013424767406201448,0.004569870885461569,0.00012472276284825057
270,0.00018800967882270925,0.00018800967882270925,0.0,0.0,0.011323398493430314,0.004718727432191372,0.00012862229777965695
271,0.0001875998223113129,0.0001875998223113129,0.0,0.0,0.01138865488252131,0.004675786476582289,0.0001257083349628374
272,0.00018708127390709706,0.00018708127390709706,0.0,0.0,0.011947095027473511,0.004543702118098736,0.0001255472016055137
273,0.0001875712514447514,0.0001875712514447514,0.0,0.0,0.012935171885172396,0.0046270196326076984,0.00012466082989703864
274,0.00018476778313925024,0.00018476778313925024,0.0,0.0,0.01181983407876288,0.004537589848041534,0.00012389838229864836
275,0.0001835796247178223,0.0001835796247178223,0.0,0.0,0.009893126926635973,0.004648318514227867,0.00012493094254750758
276,0.0001825193285185378,0.0001825193285185378,0.0,0.0,0.010748528229065515,0.00464864494279027,0.00012334574421402067
277,0.0001813557100831531,0.0001813557100831531,0.0,0.0,0.010986627401520038,0.004530062433332205,0.0001201657869387418
278,0.00018138535233447328,0.00018138535233447328,0.0,0.0,0.012912854291742605,0.004467429127544165,0.00011992754298262298
279,0.0001840086861193413,0.0001840086861193413,0.0,0.0,0.013705824149332798,0.004638239275664091,0.0001328335638390854
280,0.0001878903785836883,0.0001878903785836883,0.0,0.0,0.017352628261727954,0.004855424165725708,0.00012985030480194837
281,0.00018552935944171622,0.00018552935944171622,0.0,0.0,0.01650832845546215,0.004829624202102423,0.00013204774586483836
282,0.00018681455367186572,0.00018681455367186572,0.0,0.0,0.01716261593810342,0.00452568382024765,0.00012216756294947118
283,0.00017946141997526865,0.00017946141997526865,0.0,0.0,0.011996612148511868,0.0045547327026724815,0.00012347345182206482
284,0.00018024789278570097,0.00018024789278570097,0.0,0.0,0.012931903327498495,0.004723857156932354,0.00012822264397982508
285,0.00017882468819152564,0.00017882468819152564,0.0,0.0,0.01258165649157776,0.004504959564656019,0.00011938087845919654
286,0.0001785422737157205,0.0001785422737157205,0.0,0.0,0.014353829897920218,0.0045869057066738605,0.00012093381519662216
287,0.00017685488091956358,0.00017685488091956358,0.0,0.0,0.011158697729787491,0.004457545001059771,0.00011733456631191075
288,0.00017590387869859114,0.00017590387869859114,0.0,0.0,0.012775475557611398,0.004524027928709984,0.00011855718184961006
289,0.00017527535419503693,0.00017527535419503693,0.0,0.0,0.012581171442340722,0.004560917150229216,0.0001188100068247877
290,0.00017747690253600013,0.00017747690253600013,0.0,0.0,0.014985957733584224,0.004457907285541296,0.00011899854143848643
291,0.0001751121108100051,0.0001751121108100051,0.0,0.0,0.013421633256013879,0.004439142066985369,0.00011562057625269517
292,0.0001768905931385234,0.0001768905931385234,0.0,0.0,0.014826425244467565,0.004470669664442539,0.00011679925955832005
293,0.00017681050849205349,0.00017681050849205349,0.0,0.0,0.015419909498699412,0.004501740913838148,0.00011608160275500268
294,0.0001759892693371512,0.0001759892693371512,0.0,0.0,0.013736940075162808,0.004414151422679424,0.00011551615898497403
295,0.00017254214799322654,0.00017254214799322654,0.0,0.0,0.012927814918708353,0.0045942272990942,0.00011733593419194221
296,0.00017825589566200506,0.00017825589566200506,0.0,0.0,0.016644367319015207,0.004444332793354988,0.00011538150283740833
297,0.0001740872594382381,0.0001740872594382381,0.0,0.0,0.01557144684708289,0.004519743379205465,0.00012258790957275778
298,0.00017192549785249867,0.00017192549785249867,0.0,0.0,0.015717903156739977,0.004414794035255909,0.00011366167746018618
299,0.00016875658729986753,0.00016875658729986753,0.0,0.0,0.012407443856262391,0.004587397910654545,0.00011849981092382222
300,0.00016604670781816822,0.00016604670781816822,0.0,0.0,0.010941365574479354,0.00440694997087121,0.00011330781126162037
301,0.00016725173554732464,0.00016725173554732464,0.0,0.0,0.011721992442341435,0.004418801981955767,0.00011203337635379285
302,0.0001706440707494039,0.0001706440707494039,0.0,0.0,0.015952084353008433,0.004426749423146248,0.00011449700832599774
303,0.00016558669449295849,0.00016558669449295849,0.0,0.0,0.012292520526339659,0.00443040207028389,0.00011581565922824666
304,0.00016614181913610082,0.00016614181913610082,0.0,0.0,0.012399523044894504,0.004403264727443457,0.00011470021127024665
305,0.000164337114256341,0.000164337114256341,0.0,0.0,0.012176643583790435,0.004514691419899464,0.00011331651330692694
306,0.0001609387036296539,0.0001609387036296539,0.0,0.0,0.009743479952959436,0.004400215577334166,0.00011211099626962095
307,0.00016381342902604956,0.00016381342902604956,0.0,0.0,0.012557026558631069,0.004335520323365927,0.00010817014845088124
308,0.0001660552734392695,0.0001660552734392695,0.0,0.0,0.01348160510328681,0.004343106877058744,0.00011166552576469257
309,0.00016573277935094666,0.00016573277935094666,0.0,0.0,0.013128768191841528,0.004539104178547859,0.00011548289330676198
310,0.00015937040552671533,0.00015937040552671533,0.0,0.0,0.009555268455143907,0.004356029909104109,0.00010915131861111149
311,0.0001583179364388343,0.0001583179364388343,0.0,0.0,0.009728690871422804,0.0043428814969956875,0.00010950784053420648
312,0.00015733508371340577,0.00015733508371340577,0.0,0.0,0.009564985137218483,0.004374098498374224,0.00010964729881379753
313,0.0001562493071105564,0.0001562493071105564,0.0,0.0,0.009780999846526263,0.004381922073662281,0.0001114995829993859
314,0.00015745232667541131,0.00015745232667541131,0.0,0.0,0.010406969857310513,0.004367227666079998,0.00010732025111792609
315,0.0001553475667606108,0.0001553475667606108,0.0,0.0,0.009103569757749471,0.004330747295171022,0.00010705871682148427
316,0.0001532015248812968,0.0001532015248812968,0.0,0.0,0.008692471041759757,0.004336467012763023,0.00010899530752794817
317,0.00015753682782815304,0.00015753682782815304,0.0,0.0,0.013322528371172966,0.004308818839490414,0.000107988525996916
318,0.0001630995211598929,0.0001630995211598929,0.0,0.0,0.01605796311076637,0.0044100647792220116,0.00010853066487470642
319,0.000159441338837496,0.000159441338837496,0.0,0.0,0.015485361379832446,0.00436998950317502,0.00010699110862333328
320,0.00015564220120722894,0.00015564220120722894,0.0,0.0,0.011284112154833608,0.004315454512834549,0.0001065251708496362
321,0.0001580647331138607,0.0001580647331138607,0.0,0.0,0.013055751618301345,0.004348900634795427,0.00010781861783470958
322,0.00015542529945378192,0.00015542529945378192,0.0,0.0,0.011323583204216881,0.004509515594691038,0.00010859551548492163
323,0.00015580706713080872,0.00015580706713080872,0.0,0.0,0.011800807680873085,0.004339569713920355,0.00010761529847513884
324,0.00015399454787257127,0.00015399454787257127,0.0,0.0,0.011046400082213966,0.00430923281237483,0.00010510333231650293
325,0.00016050493104557972,0.00016050493104557972,0.0,0.0,0.017689435409968732,0.004412142559885979,0.00010724834282882512
326,0.00016084702474472579,0.00016084702474472579,0.0,0.0,0.01821037533281084,0.0042579383589327335,0.00010521262447582558
327,0.00015211514437396545,0.00015211514437396545,0.0,0.0,0.01225360191942213,0.004326674155890942,0.0001111091478378512
328,0.00015118384362722281,0.00015118384362722281,0.0,0.0,0.012107521981957891,0.004274217877537012,0.00010472322173882276
329,0.0001516070078650955,0.0001516070078650955,0.0,0.0,0.012702207129328373,0.00423765042796731,0.00010259039117954671
330,0.00014968860887165647,0.00014968860887165647,0.0,0.0,0.010975228829346706,0.004279186017811298,0.00010227882739854977
331,0.00014703837769047823,0.00014703837769047823,0.0,0.0,0.00867304853415169,0.004283609800040722,0.0001043990341713652
332,0.00015280953812180087,0.00015280953812180087,0.0,0.0,0.014622895950172203,0.004277023486793041,0.00010389153612777591
333,0.0001577998664288316,0.0001577998664288316,0.0,0.0,0.017903833220199308,0.004499051719903946,0.00011025249841623008
334,0.0001517571490694536,0.0001517571490694536,0.0,0.0,0.013249422499664276,0.004366869106888771,0.00010653875506250188
335,0.0001515996100351913,0.0001515996100351913,0.0,0.0,0.012903362985115066,0.004262513015419245,0.00010465988452779129
336,0.00015042123777675442,0.00015042123777675442,0.0,0.0,0.012646598769278605,0.004607941024005413,0.00011070005712099373
337,0.0001470931529183872,0.0001470931529183872,0.0,0.0,0.011217564295599173,0.004197550471872091,0.00010244942677672952
338,0.00015028890902613057,0.00015028890902613057,0.0,0.0,0.014481453061593017,0.004283270798623562,0.00010174081398872659
339,0.00014523159370583016,0.00014523159370583016,0.0,0.0,0.008954749228786129,0.00429005641490221,0.00010179418313782662
340,0.00014731842838955345,0.00014731842838955345,0.0,0.0,0.013039524468430711,0.004391422960907221,0.0001060991344274953
341,0.00014682394521514652,0.00014682394521514652,0.0,0.0,0.01265001915002417,0.0042700935155153275,0.0001016662863548845
342,0.00014356743486132473,0.00014356743486132473,0.0,0.0,0.010333865183744066,0.0041573834605515,9.813779615797102e-05
343,0.00014670452401333023,0.00014670452401333023,0.0,0.0,0.013917784647557229,0.004141550045460463,9.884282189887017e-05
344,0.00014463878869719338,0.00014463878869719338,0.0,0.0,0.012483305740464004,0.004465731792151928,0.00010457249300088733
345,0.00014449344416789245,0.00014449344416789245,0.0,0.0,0.011573985786600932,0.004161286633461714,9.792270429898053e-05
346,0.00014316455872176448,0.00014316455872176448,0.0,0.0,0.010942925604309947,0.004286773037165403,0.00010031824058387429
347,0.00014632534839620348,0.00014632534839620348,0.0,0.0,0.011501743691837004,0.004402987193316221,0.00010936864418908954
348,0.00014651774472440593,0.00014651774472440593,0.0,0.0,0.01317224638047432,0.0041847145184874535,0.00010093193122884259
349,0.00014668556832475588,0.00014668556832475588,0.0,0.0,0.012551076475732895,0.00414407579228282,9.730621241033077e-05
350,0.0001483108808315592,0.0001483108808315592,0.0,0.0,0.014606830512255212,0.0044262586161494255,0.0001065238393493928
351,0.00014323389041237533,0.00014323389041237533,0.0,0.0,0.01226055833745679,0.00416300306096673,9.735925414133817e-05
352,0.00013890009631722933,0.00013890009631722933,0.0,0.0,0.009364215205734704,0.00412750244140625,9.626797691453248e-05
353,0.00013967468748887768,0.00013967468748887768,0.0,0.0,0.011558964747289138,0.004204775206744671,9.973812120733783e-05
354,0.0001381937945552636,0.0001381937945552636,0.0,0.0,0.008729579134377743,0.004156503360718489,9.710126323625445e-05
355,0.00013755972395301796,0.00013755972395301796,0.0,0.0,0.009309277444784731,0.004179132170975208,9.947729267878458e-05
356,0.00014064262177271303,0.00014064262177271303,0.0,0.0,0.012579048534160218,0.004078374244272709,9.47965745581314e-05
357,0.00013895755000703502,0.00013895755000703502,0.0,0.0,0.011888631784856054,0.004144687205553055,9.77531453827396e-05
358,0.00013889581623516278,0.00013889581623516278,0.0,0.0,0.01071552200269963,0.0040858737193048,9.607692481949925e-05
359,0.00013678511004400207,0.00013678511004400207,0.0,0.0,0.01003179611451626,0.004068632144480944,9.355664951726794e-05
360,0.00013787125408271095,0.00013787125408271095,0.0,0.0,0.012182285410912945,0.004100834485143423,9.477817366132513e-05
361,0.00013683927591046086,0.00013683927591046086,0.0,0.0,0.011846810205176873,0.0042085470631718636,9.660139039624482e-05
362,0.00014052880032977555,0.00014052880032977555,0.0,0.0,0.013400607106091714,0.004091845825314522,9.440926078241318e-05
363,0.00013758788918494247,0.00013758788918494247,0.0,0.0,0.012492788378253183,0.004113549366593361,9.464836330153048e-05
364,0.00013746862623520428,0.00013746862623520428,0.0,0.0,0.012582249001453955,0.004150749649852514,9.543269698042423e-05
365,0.0001376091404381441,0.0001376091404381441,0.0,0.0,0.01287834403981009,0.004264656454324722,9.805976878851652e-05
366,0.0001331408948317403,0.0001331408948317403,0.0,0.0,0.00955739504724273,0.004037648439407349,9.420716378372163e-05
367,0.00013614538693218492,0.00013614538693218492,0.0,0.0,0.011622649967975619,0.0040739416144788265,9.413510269951075e-05
368,0.00013674815636477433,0.00013674815636477433,0.0,0.0,0.013287152355867195,0.004173304885625839,9.672255691839382e-05
369,0.00013383246641751612,0.00013383246641751612,0.0,0.0,0.010052815039871014,0.003996195737272501,9.19535814318806e-05
370,0.00013284875876706792,0.00013284875876706792,0.0,0.0,0.008214957164336264,0.004005091264843941,9.275720367440954e-05
371,0.0001365615153190447,0.0001365615153190447,0.0,0.0,0.012292300791625554,0.004126063548028469,0.00010011233825935051
372,0.00013692488664673874,0.00013692488664673874,0.0,0.0,0.0127679126019487,0.004080199636518955,9.965112985810265e-05
373,0.00013212754583946662,0.00013212754583946662,0.0,0.0,0.010221756092525725,0.0040327259339392185,9.124734060605988e-05
374,0.00013880724964110414,0.00013880724964110414,0.0,0.0,0.01577333104328194,0.00408152025192976,9.22131584957242e-05
375,0.00014185468717187177,0.00014185468717187177,0.0,0.0,0.01756795661677108,0.0040546138770878315,9.465858602197841e-05
376,0.00013959650732431328,0.00013959650732431328,0.0,0.0,0.015888551181663678,0.004122891463339329,9.570806287229061e-05
377,0.00013511115685105324,0.00013511115685105324,0.0,0.0,0.013893377432584933,0.003971307072788477,9.022076119435951e-05
378,0.00013720600509259384,0.00013720600509259384,0.0,0.0,0.016598949883361625,0.004026666283607483,9.353194036521018e-05
379,0.00014177425509842578,0.00014177425509842578,0.0,0.0,0.01908585603197536,0.0041252560913562775,9.885358304018155e-05
380,0.0001330505074292887,0.0001330505074292887,0.0,0.0,0.012295749287291073,0.003995989449322224,9.099226008402184e-05
381,0.0001396217585352133,0.0001396217585352133,0.0,0.0,0.017011843635079703,0.004021316766738892,9.009560017148033e-05
382,0.000146853784826817,0.000146853784826817,0.0,0.0,0.021399871871619805,0.004393169190734625,0.00010461370402481407
383,0.00014296425888460362,0.00014296425888460362,0.0,0.0,0.01804650411548464,0.004121548030525446,9.284612315241247e-05
384,0.00013381020653469022,0.00013381020653469022,0.0,0.0,0.013056804587418544,0.004056217148900032,9.572342241881415e-05
385,0.00013523001780413324,0.00013523001780413324,0.0,0.0,0.015275717999463008,0.004100399557501078,9.40176032599993e-05
386,0.00013218269214121392,0.00013218269214121392,0.0,0.0,0.013677077507294778,0.003928829450160265,8.678620361024514e-05
387,0.00012879290989076253,0.00012879290989076253,0.0,0.0,0.011418862935904047,0.003909481689333916,8.840390364639461e-05
388,0.00012756688647641568,0.00012756688647641568,0.0,0.0,0.0100852280420222,0.0039774649776518345,8.991529466584325e-05
389,0.0001271006958631915,0.0001271006958631915,0.0,0.0,0.009370902175874222,0.003977309912443161,8.837784844217822e-05
390,0.00012654039164772257,0.00012654039164772257,0.0,0.0,0.009653343944998321,0.003891320899128914,8.805817196844146e-05
391,0.00012901884201710345,0.00012901884201710345,0.0,0.0,0.01252106735768607,0.003962143324315548,8.833867468638346e-05
392,0.00012651467022806173,0.00012651467022806173,0.0,0.0,0.009044751591110777,0.003947650082409382,8.705807704245672e-05
393,0.00012561326730065048,0.00012561326730065048,0.0,0.0,0.010387376168204263,0.0038865432143211365,8.585041359765455e-05
394,0.00012449186669982737,0.00012449186669982737,0.0,0.0,0.009344673744204916,0.003911486826837063,8.551249629817903e-05
395,0.000130402449030953,0.000130402449030953,0.0,0.0,0.013472341040415772,0.0038867518305778503,8.653542317915708e-05
396,0.0001267457610083511,0.0001267457610083511,0.0,0.0,0.012273280270445283,0.003946182318031788,8.875183993950486e-05
397,0.0001297307398999692,0.0001297307398999692,0.0,0.0,0.014120192119395032,0.0038424930535256863,8.452894689980894e-05
398,0.0001287663790208171,0.0001287663790208171,0.0,0.0,0.01384281706025472,0.003911709878593683,8.68192219058983e-05
399,0.00012994820735912072,0.00012994820735912072,0.0,0.0,0.014164265315141922,0.0039000394754111767,8.760757191339508e-05
